x=[-0.104773;-0.0931360;-0.0815;-0.116409;-0.0815;-0.116409;-0.104773;-0.0931360;-0.0931360;-0.0931360;-0.0931360;-0.0931360;-0.0931360;-0.0931360;-0.0582270;-0.0931360;-0.104773;-0.0931360;-0.0815;-0.0931360;-0.0931360;-0.104773;-0.139682;-0.151318;-0.162955;-0.197864;-0.232773;-0.267682;-0.337500;-0.407318;-0.418955;-0.453864;-0.488773;-0.500409;-0.535318;-0.546955;-0.535318;-0.535318;-0.523682;-0.523682;-0.488773;-0.477136;-0.442227;-0.442227;-0.407318;-0.372409;-0.360773;-0.325864;-0.337500;-0.337500;-0.267682;-0.256045;-0.256045;-0.290955;-0.256045;-0.244409;-0.209500;-0.209500;-0.221136;-0.221136;-0.221136;-0.186227;-0.221136;-0.186227;-0.221136;-0.221136;-0.186227;-0.256045;-0.267682;-0.232773;-0.244409;-0.244409;-0.256045;-0.256045;-0.244409;-0.232773;-0.232773;-0.267682;-0.256045;-0.267682;-0.256045;-0.267682;-0.256045;-0.244409;-0.256045;-0.221136;-0.232773;-0.244409;-0.279318;-0.314227;-0.279318;-0.244409;-0.174591;-0.209500;-0.279318;-0.209500;-0.174591;-0.244409;-0.104773;-0.0931360;-0.128045;-0.162955;-0.232773;-0.302591;-0.232773;-0.197864;-0.232773;-0.267682;-0.302591;-0.314227;-0.325864;-0.325864;-0.290955;-0.302591;-0.337500;-0.325864;-0.290955;-0.325864;-0.325864;-0.465500;-0.395682;-0.151318;0.279273;0.523636;0.279273;-0.523682;-1.338227;-1.268409;-1.23350;-0.989136;-0.744773;-0.605136;-0.465500;-0.221136;-0.151318;-0.139682;-0.209500;-0.174591;-0.139682;-0.151318;-0.186227;-0.221136;-0.0815;-0.0931360;-0.128045;-0.0931360;-0.162955;-0.174591;-0.209500;-0.0698640;-4.50000e-05;-0.0349550;-0.104773;-0.244409;-0.104773;-0.174591;-0.418955;-0.384045;-0.349136;-0.209500;-0.0698640;0.0581820;0.128;0.0581820;-0.0698640;-0.104773;-0.174591;-0.139682;-0.174591;-0.244409;-0.314227;-0.325864;-0.360773;-0.430591;-0.465500;-0.430591;-0.500409;-0.570227;-0.581864;-0.616773;-0.651682;-0.581864;-0.512045;-0.500409;-0.512045;-0.477136;-0.488773;-0.349136;-0.314227;-0.349136;-0.279318;-0.314227;-0.384045;-0.349136;-0.279318;-0.209500;-0.174591;-0.244409;-0.314227;-0.244409;-0.279318;-0.244409;-0.244409;-0.209500;-0.221136;-0.256045;-0.186227;-0.256045;-0.221136;-0.232773;-0.372409;-0.302591;-0.302591;-0.267682;-0.128045;-0.0582270;-0.128045;-0.267682;-0.197864;-0.128045;-0.139682;-0.128045;-0.162955;-0.162955;-0.0931360;-0.128045;-0.197864;-0.337500;-0.197864;-0.162955;-0.128045;-0.116409;-0.0815;-0.116409;-0.116409;-0.128045;-0.162955;-0.0931360;-0.0233180;-0.0582270;0;0.0349090;0;-0.0582270;-0.0931360;-0.128045;-0.116409;-0.128045;-0.116409;-0.116409;-0.151318;-0.116409;-0.151318;-0.139682;-0.151318;-0.186227;-0.116409;-0.116409;-0.116409;-0.151318;-0.221136;-0.290955;-0.151318;0.279273;0.721455;0.477091;-0.325864;-1.140409;-1.175318;-1.10550;-0.861136;-0.616773;-0.372409;-0.232773;-0.0931360;-0.0233180;0;-0.0233180;0;0;0.0349090;0.0698180;0;0.0116360;0.0814550;0.0116360;0.0814550;0.116364;0.104727;0.0349090;0.0349090;0.0698180;0.0698180;0.0814550;0.0698180;0.0349090;0.174545;0.174545;0.104727;0.174545;0.139636;0.128;0.116364;0.0814550;0.0698180;0.139636;0.151273;0.116364;0.0465450;0.0465450;0.0116360;-0.0465910;-0.0815;-0.116409;-0.104773;-0.139682;-0.209500;-0.244409;-0.279318;-0.279318;-0.314227;-0.325864;-0.290955;-0.302591;-0.267682;-0.267682;-0.232773;-0.162955;-0.162955;-0.128045;-0.162955;-0.151318;-0.0815;-0.0465910;-0.0349550;-0.0233180;-0.0116820;0.0465450;0.0116360;-0.0116820;0.0116360;-0.0116820;0.0116360;0.0232730;0.0232730;0.0349090;0;0.0116360;0.0116360;0;0.0349090;0.0349090;0;0.0349090;-0.0233180;0.0349090;0.0698180;0.0581820;0.0232730;0.0232730;0.0581820;0.0930910;0.0581820;0.0465450;0.0116360;0.0116360;0.0116360;0.0232730;-4.50000e-05;-0.0116820;0.0116360;0.0232730;0.0581820;0.0232730;0.0232730;0.0581820;0.0698180;0.0349090;0.0698180;0.104727;0.139636;0.174545;0.174545;0.139636;0.174545;0.104727;0.0698180;0;0.0698180;0.0349090;0.0349090;0;0.0349090;-0.0233180;0.0349090;0;-4.50000e-05;-0.0116820;0.0116360;-0.116409;-0.151318;-0.0815;-0.0116820;-0.0116820;0.0465450;0.290909;0.733091;1.175273;0.733091;-0.0698640;-0.884409;-1.024045;-0.884409;-0.640045;-0.395682;-0.151318;0.0814550;0.0814550;0.0116360;-0.0116820;0.116364;0.256;0.186182;0.0465450;0.186182;0.221091;0.360727;0.325818;0.360727;0.290909;0.279273;0.267636;0.302545;0.267636;0.197818;0.162909;0.197818;0.267636;0.302545;0.162909;0.174545;0.209455;0.244364;0.232727;0.302545;0.302545;0.232727;0.302545;0.267636;0.267636;0.232727;0.232727;0.197818;0.128;-4.50000e-05;-0.0698640;0.0581820;-0.0698640;-0.314227;-0.302591;-0.267682;-0.232773;-0.0931360;-0.0931360;-0.128045;-0.267682;-0.302591;-0.232773;0;0.0698180;0.104727;0.0349090;0.0465450;0.116364;0.256;0.186182;0.186182;0.0465450;-0.0116820;0.0116360;0.151273;0.221091;0.290909;0.302545;0.290909;0.360727;0.290909;0.0465450;0.0116360;0.256;0.290909;0.302545;0.232727;0.232727;0.372364;0.384;0.139636;0;0.139636;0.384;0.418909;0.279273;0.139636;0.139636;0.279273;0.279273;0.244364;0.314182;0.453818;0.523636;0.453818;0.384;0.244364;0.174545;0.186182;0.256;0.325818;0.465455;0.535273;0.395636;0.465455;0.605091;0.674909;0.430545;0.290909;0.325818;0.360727;0.221091;0.209455;0.349091;0.488727;0.418909;0.279273;0.209455;0.197818;0.209455;0.244364;0.314182;0.384;0.384;0.349091;0.360727;0.802909;1.245091;1.105455;0.290909;-0.512045;-0.581864;-0.512045;-0.442227;-0.302591;-0.0582270;0.174545;0.418909;0.453818;0.418909;0.488727;0.477091;0.512;0.500364;0.640;0.605091;0.640;0.500364;0.465455;0.500364;0.640;0.628364;0.628364;0.558545;0.628364;0.698182;0.558545;0.628364;0.616727;0.686545;0.686545;0.546909;0.407273;0.651636;0.721455;0.733091;0.663273;0.523636;0.453818;0.593455;0.663273;0.802909;0.558545;0.418909;0.384;0.523636;0.558545;0.418909;0.174545;0.174545;0.162909;0.197818;0.232727;0.221091;0.209455;0.279273;0.314182;0.244364;0.104727;0.139636;0.279273;0.418909;0.453818;0.418909;0.384;0.418909;0.418909;0.488727;0.523636;0.593455;0.558545;0.570182;0.535273;0.500364;0.465455;0.500364;0.570182;0.500364;0.570182;0.640;0.570182;0.430545;0.500364;0.512;0.546909;0.512;0.581818;0.546909;0.546909;0.512;0.546909;0.512;0.500364;0.465455;0.535273;0.605091;0.570182;0.535273;0.570182;0.535273;0.570182;0.430545;0.465455;0.430545;0.570182;0.640;0.674909;0.640;0.628364;0.640;0.651636;0.581818;0.512;0.523636;0.523636;0.453818;0.442182;0.477091;0.465455;0.477091;0.407273;0.372364;0.407273;0.477091;0.512;0.442182;0.477091;0.477091;0.407273;0.337455;0.477091;0.919273;1.163636;1.233455;0.418909;-0.384045;-0.523682;-0.512045;-0.372409;-0.128045;-0.0582270;0.174545;0.314182;0.453818;0.523636;0.558545;0.523636;0.558545;0.546909;0.558545;0.593455;0.628364;0.593455;0.581818;0.581818;0.570182;0.605091;0.605091;0.616727;0.605091;0.593455;0.593455;0.628364;0.628364;0.616727;0.581818;0.616727;0.651636;0.616727;0.581818;0.651636;0.640;0.640;0.605091;0.570182;0.570182;0.558545;0.523636;0.488727;0.453818;0.418909;0.384;0.314182;0.279273;0.244364;0.209455;0.209455;0.174545;0.162909;0.151273;0.186182;0.197818;0.186182;0.174545;0.209455;0.244364;0.244364;0.279273;0.314182;0.314182;0.349091;0.337455;0.372364;0.384;0.384;0.384;0.384;0.453818;0.488727;0.453818;0.418909;0.430545;0.430545;0.465455;0.430545;0.430545;0.418909;0.407273;0.407273;0.407273;0.407273;0.372364;0.372364;0.384;0.372364;0.372364;0.360727;0.372364;0.337455;0.349091;0.349091;0.349091;0.337455;0.337455;0.325818;0.360727;0.325818;0.360727;0.430545;0.465455;0.500364;0.500364;0.488727;0.349091;0.337455;0.302545;0.314182;0.279273;0.244364;0.244364;0.209455;0.209455;0.221091;0.186182;0.186182;0.174545;0.186182;0.197818;0.197818;0.162909;0.174545;0.139636;0.209455;0.453818;0.896;1.140364;0.698182;-0.104773;-0.919318;-0.884409;-0.744773;-0.500409;-0.360773;-0.116409;0.0116360;0.151273;0.221091;0.232727;0.232727;0.232727;0.244364;0.244364;0.256;0.267636;0.302545;0.267636;0.279273;0.267636;0.267636;0.279273;0.290909;0.290909;0.302545;0.267636;0.302545;0.337455;0.302545;0.302545;0.290909;0.279273;0.314182;0.302545;0.302545;0.302545;0.302545;0.290909;0.256;0.256;0.221091;0.232727;0.197818;0.162909;0.128;0.0930910;0.0581820;